start=800.200000
volume=32.000000
