start=8440.865040
volume=65.000000
sid=1
