start=26.484818
pause=yes
volume=40.000000
