start=5922.457000
volume=42.000000
