start=10365.438417
volume=64.000000
sid=2
