start=4.194175
volume=32.000000
