start=35.066667
volume=96.000000
