start=3.733333
volume=50.000000
