start=9.266667
volume=36.000000
