start=1321.880000
volume=48.000000
contrast=-1
