start=1140.360000
volume=32.000000
