start=18.318300
volume=74.000000
