start=11.733333
volume=70.000000
