start=1095.600000
volume=30.000000
