start=950.040000
pause=yes
volume=36.000000
