start=3.863333
volume=75.000000
