start=1658.365000
volume=52.000000
sid=1
ab-loop-a=19.895000
