start=4.400000
volume=54.000000
