start=822.680000
pause=yes
volume=46.000000
