start=5684.845833
volume=86.000000
sid=1
