start=142.601000
volume=60.000000
