start=1944.943000
pause=yes
volume=88.000000
