start=453.119333
volume=66.000000
