start=3640.053000
volume=64.000000
