start=2910.702369
pause=yes
volume=82.000000
