start=667.720000
volume=52.000000
