start=28.734000
volume=37.000000
