start=419.720000
volume=50.000000
