start=728.436042
volume=84.000000
fullscreen=yes
sid=1
