start=609.520000
volume=36.000000
