start=1290.800000
volume=52.000000
