start=3808.266600
pause=yes
volume=50.000000
sid=1
