start=5994.315468
volume=70.000000
sid=1
