start=13.583333
volume=53.000000
