start=2054.012346
volume=71.000000
sid=1
