start=6773.875000
volume=130.000000
sid=2
