start=22.433333
volume=42.000000
