start=2415.727360
volume=74.000000
sid=1
