start=1189.522000
pause=yes
volume=56.000000
