start=1.898000
volume=40.000000
fullscreen=yes
