start=1336.919000
volume=56.000000
aid=2
sid=1
