start=5887.923708
volume=40.000000
fullscreen=yes
