start=17.950000
volume=98.000000
