start=826.451000
volume=60.000000
aid=2
sid=1
