start=2.461000
pause=yes
volume=58.000000
