start=100.100000
volume=39.000000
