start=20.200000
volume=38.000000
