start=1129.128000
volume=92.000000
sid=1
