start=1261.000000
volume=40.000000
