start=8.733333
volume=55.000000
