start=7323.400000
pause=yes
volume=114.000000
