start=7.133333
volume=58.000000
