start=124.965000
volume=58.000000
sid=1
