start=4.300000
volume=48.000000
