start=2167.981840
volume=62.000000
