start=16.300000
volume=64.000000
fullscreen=yes
