start=3296.546547
volume=66.000000
