start=8.296667
volume=70.000000
