start=1214.520000
volume=42.000000
