start=10.800000
volume=35.000000
