start=17.033333
volume=70.000000
