start=1185.240000
volume=50.000000
