start=257.900000
volume=108.000000
