start=422.054000
pause=yes
volume=78.000000
aid=1
sid=1
