start=1221.760000
volume=48.000000
