start=1215.720000
volume=54.000000
