start=1175.720000
volume=52.000000
fullscreen=yes
