start=2381.296000
volume=60.000000
sid=3
