start=8.266667
volume=61.000000
