start=3166.955000
volume=88.000000
