start=15.033333
volume=42.000000
