start=6806.708333
volume=76.000000
sid=1
