start=1.133333
volume=45.000000
