start=925.560000
volume=30.000000
